dr_R1C = (90, 91, 91, 91, 92, 92, 92, 92, 92, 93, 93, 93, 93, 93, 93, 92, 92, 92, 92, 92, 92, 91, 91, 91, 91, 91, 90, 90, 90, 90, 89, 89, 88, 88, 88, 87, 87, 86, 85, 85, 86, 86, 86, 87, 87, 88, 88, 89, 89, 90)
dr_R1F = (1.285000e+02, 1.265000e+02, 1.235000e+02, 1.205000e+02, 1.165000e+02, 1.125000e+02, 1.075000e+02, 1.035000e+02, 9.850000e+01, 9.450000e+01, 8.950000e+01, 8.550000e+01, 8.050000e+01, 7.650000e+01, 7.850000e+01, 7.950000e+01, 8.050000e+01, 8.250000e+01, 8.350000e+01, 8.450000e+01, 8.550000e+01, 8.650000e+01, 8.750000e+01, 8.850000e+01, 8.950000e+01, 9.050000e+01, 9.050000e+01, 9.150000e+01, 9.150000e+01, 9.250000e+01, 9.250000e+01, 9.250000e+01, 9.250000e+01, 9.350000e+01, 9.350000e+01, 9.350000e+01, 9.250000e+01, 9.250000e+01, 9.250000e+01, 9.750000e+01, 1.025000e+02, 1.075000e+02, 1.135000e+02, 1.185000e+02, 1.225000e+02, 1.265000e+02, 1.285000e+02, 1.305000e+02, 1.305000e+02, 1.305000e+02)
dr_R1T = (1.205000e+02, 1.165000e+02, 1.125000e+02, 1.085000e+02, 1.035000e+02, 9.850000e+01, 9.350000e+01, 8.850000e+01, 8.350000e+01, 7.850000e+01, 7.350000e+01, 6.850000e+01, 6.450000e+01, 6.050000e+01, 6.350000e+01, 6.650000e+01, 6.850000e+01, 7.150000e+01, 7.450000e+01, 7.650000e+01, 7.950000e+01, 8.150000e+01, 8.350000e+01, 8.550000e+01, 8.750000e+01, 8.950000e+01, 9.150000e+01, 9.350000e+01, 9.550000e+01, 9.750000e+01, 9.850000e+01, 1.005000e+02, 1.015000e+02, 1.035000e+02, 1.045000e+02, 1.055000e+02, 1.075000e+02, 1.085000e+02, 1.095000e+02, 1.135000e+02, 1.175000e+02, 1.205000e+02, 1.235000e+02, 1.265000e+02, 1.275000e+02, 1.285000e+02, 1.285000e+02, 1.285000e+02, 1.265000e+02, 1.235000e+02)

dr_R2C = (89, 92, 94, 96, 97, 99, 100, 101, 102, 103, 104, 104, 105, 105, 104, 103, 102, 101, 100, 99, 98, 96, 95, 94, 93, 91, 90, 88, 87, 85, 84, 82, 80, 78, 76, 74, 73, 71, 68, 69, 69, 70, 72, 73, 75, 77, 80, 82, 85, 87)
dr_R2F = (1.285000e+02, 1.265000e+02, 1.245000e+02, 1.225000e+02, 1.185000e+02, 1.155000e+02, 1.115000e+02, 1.075000e+02, 1.035000e+02, 9.950000e+01, 9.450000e+01, 9.050000e+01, 8.650000e+01, 8.150000e+01, 8.250000e+01, 8.350000e+01, 8.450000e+01, 8.550000e+01, 8.650000e+01, 8.650000e+01, 8.750000e+01, 8.850000e+01, 8.850000e+01, 8.950000e+01, 8.950000e+01, 9.050000e+01, 9.050000e+01, 9.050000e+01, 9.150000e+01, 9.150000e+01, 9.150000e+01, 9.250000e+01, 9.250000e+01, 9.250000e+01, 9.250000e+01, 9.250000e+01, 9.250000e+01, 9.250000e+01, 9.250000e+01, 9.750000e+01, 1.025000e+02, 1.065000e+02, 1.115000e+02, 1.155000e+02, 1.195000e+02, 1.225000e+02, 1.255000e+02, 1.275000e+02, 1.285000e+02, 1.285000e+02)
dr_R2T = (1.195000e+02, 1.175000e+02, 1.145000e+02, 1.115000e+02, 1.075000e+02, 1.045000e+02, 9.950000e+01, 9.550000e+01, 9.150000e+01, 8.750000e+01, 8.250000e+01, 7.850000e+01, 7.450000e+01, 7.050000e+01, 7.250000e+01, 7.450000e+01, 7.650000e+01, 7.850000e+01, 8.050000e+01, 8.150000e+01, 8.350000e+01, 8.450000e+01, 8.650000e+01, 8.750000e+01, 8.950000e+01, 9.050000e+01, 9.150000e+01, 9.250000e+01, 9.350000e+01, 9.450000e+01, 9.550000e+01, 9.650000e+01, 9.750000e+01, 9.750000e+01, 9.850000e+01, 9.950000e+01, 9.950000e+01, 1.005000e+02, 1.005000e+02, 1.045000e+02, 1.085000e+02, 1.115000e+02, 1.145000e+02, 1.175000e+02, 1.195000e+02, 1.215000e+02, 1.225000e+02, 1.225000e+02, 1.225000e+02, 1.215000e+02)

dr_R3C = (89, 92, 95, 97, 100, 102, 105, 107, 109, 110, 111, 112, 112, 113, 111, 109, 107, 106, 104, 102, 100, 99, 97, 95, 93, 91, 90, 88, 86, 84, 83, 81, 80, 78, 76, 75, 73, 72, 70, 71, 71, 72, 73, 74, 75, 77, 79, 81, 84, 86)
dr_R3F = (1.275000e+02, 1.275000e+02, 1.275000e+02, 1.265000e+02, 1.245000e+02, 1.215000e+02, 1.185000e+02, 1.155000e+02, 1.115000e+02, 1.075000e+02, 1.035000e+02, 9.850000e+01, 9.450000e+01, 8.950000e+01, 9.050000e+01, 9.050000e+01, 9.050000e+01, 9.050000e+01, 9.050000e+01, 9.050000e+01, 9.050000e+01, 9.050000e+01, 9.050000e+01, 9.050000e+01, 9.050000e+01, 9.050000e+01, 9.050000e+01, 9.050000e+01, 9.050000e+01, 8.950000e+01, 8.950000e+01, 8.950000e+01, 8.950000e+01, 8.950000e+01, 8.850000e+01, 8.850000e+01, 8.850000e+01, 8.750000e+01, 8.750000e+01, 9.150000e+01, 9.550000e+01, 1.005000e+02, 1.045000e+02, 1.085000e+02, 1.125000e+02, 1.155000e+02, 1.195000e+02, 1.225000e+02, 1.245000e+02, 1.265000e+02)
dr_R3T = (1.185000e+02, 1.185000e+02, 1.185000e+02, 1.185000e+02, 1.165000e+02, 1.155000e+02, 1.125000e+02, 1.105000e+02, 1.075000e+02, 1.045000e+02, 1.005000e+02, 9.650000e+01, 9.350000e+01, 8.950000e+01, 9.050000e+01, 9.050000e+01, 9.050000e+01, 9.150000e+01, 9.150000e+01, 9.150000e+01, 9.150000e+01, 9.150000e+01, 9.150000e+01, 9.150000e+01, 9.150000e+01, 9.050000e+01, 9.050000e+01, 9.050000e+01, 8.950000e+01, 8.950000e+01, 8.850000e+01, 8.850000e+01, 8.750000e+01, 8.750000e+01, 8.650000e+01, 8.550000e+01, 8.450000e+01, 8.350000e+01, 8.250000e+01, 8.650000e+01, 9.050000e+01, 9.350000e+01, 9.750000e+01, 1.015000e+02, 1.045000e+02, 1.075000e+02, 1.105000e+02, 1.135000e+02, 1.155000e+02, 1.175000e+02)

dr_L1C = (92, 89, 86, 84, 81, 79, 77, 75, 74, 73, 72, 71, 71, 70, 72, 73, 75, 76, 78, 80, 81, 83, 84, 86, 88, 90, 91, 93, 95, 97, 99, 100, 102, 104, 106, 107, 109, 111, 113, 112, 112, 111, 110, 109, 107, 105, 102, 100, 97, 95)
dr_L1F = (5.250000e+01, 5.250000e+01, 5.350000e+01, 5.550000e+01, 5.750000e+01, 6.050000e+01, 6.450000e+01, 6.750000e+01, 7.150000e+01, 7.550000e+01, 7.950000e+01, 8.450000e+01, 8.850000e+01, 9.250000e+01, 9.250000e+01, 9.150000e+01, 9.150000e+01, 9.150000e+01, 9.050000e+01, 9.050000e+01, 9.050000e+01, 9.050000e+01, 9.050000e+01, 8.950000e+01, 8.950000e+01, 8.950000e+01, 8.950000e+01, 8.950000e+01, 8.950000e+01, 8.950000e+01, 8.950000e+01, 8.950000e+01, 8.950000e+01, 8.950000e+01, 8.950000e+01, 8.950000e+01, 8.950000e+01, 8.950000e+01, 9.050000e+01, 8.550000e+01, 8.150000e+01, 7.650000e+01, 7.250000e+01, 6.850000e+01, 6.450000e+01, 6.150000e+01, 5.850000e+01, 5.550000e+01, 5.350000e+01, 5.250000e+01)
dr_L1T = (6.150000e+01, 6.150000e+01, 6.250000e+01, 6.450000e+01, 6.650000e+01, 6.950000e+01, 7.250000e+01, 7.550000e+01, 7.850000e+01, 8.250000e+01, 8.650000e+01, 8.950000e+01, 9.350000e+01, 9.750000e+01, 9.650000e+01, 9.550000e+01, 9.450000e+01, 9.350000e+01, 9.250000e+01, 9.250000e+01, 9.150000e+01, 9.150000e+01, 9.050000e+01, 9.050000e+01, 8.950000e+01, 8.950000e+01, 8.950000e+01, 8.850000e+01, 8.850000e+01, 8.850000e+01, 8.850000e+01, 8.850000e+01, 8.850000e+01, 8.850000e+01, 8.850000e+01, 8.950000e+01, 8.950000e+01, 8.950000e+01, 9.050000e+01, 8.650000e+01, 8.350000e+01, 7.950000e+01, 7.550000e+01, 7.250000e+01, 6.950000e+01, 6.750000e+01, 6.450000e+01, 6.350000e+01, 6.150000e+01, 6.150000e+01)

dr_L2C = (92, 89, 87, 85, 82, 80, 77, 75, 73, 72, 70, 69, 69, 68, 71, 73, 74, 76, 78, 80, 82, 84, 85, 87, 88, 90, 91, 93, 94, 95, 96, 98, 99, 100, 101, 102, 103, 104, 105, 105, 104, 104, 103, 102, 101, 100, 99, 97, 96, 94)
dr_L2F = (5.350000e+01, 5.150000e+01, 5.150000e+01, 5.150000e+01, 5.250000e+01, 5.450000e+01, 5.750000e+01, 6.050000e+01, 6.450000e+01, 6.850000e+01, 7.350000e+01, 7.750000e+01, 8.250000e+01, 8.750000e+01, 8.750000e+01, 8.750000e+01, 8.750000e+01, 8.750000e+01, 8.750000e+01, 8.750000e+01, 8.750000e+01, 8.850000e+01, 8.850000e+01, 8.850000e+01, 8.950000e+01, 8.950000e+01, 8.950000e+01, 9.050000e+01, 9.050000e+01, 9.150000e+01, 9.150000e+01, 9.250000e+01, 9.350000e+01, 9.350000e+01, 9.450000e+01, 9.550000e+01, 9.650000e+01, 9.750000e+01, 9.850000e+01, 9.350000e+01, 8.950000e+01, 8.550000e+01, 8.050000e+01, 7.650000e+01, 7.250000e+01, 6.850000e+01, 6.450000e+01, 6.150000e+01, 5.750000e+01, 5.550000e+01)
dr_L2T = (6.250000e+01, 6.050000e+01, 5.850000e+01, 5.750000e+01, 5.750000e+01, 5.750000e+01, 5.850000e+01, 6.050000e+01, 6.250000e+01, 6.550000e+01, 6.850000e+01, 7.150000e+01, 7.550000e+01, 7.950000e+01, 7.950000e+01, 8.050000e+01, 8.050000e+01, 8.150000e+01, 8.250000e+01, 8.250000e+01, 8.350000e+01, 8.450000e+01, 8.550000e+01, 8.650000e+01, 8.750000e+01, 8.850000e+01, 8.950000e+01, 9.050000e+01, 9.250000e+01, 9.350000e+01, 9.550000e+01, 9.650000e+01, 9.850000e+01, 9.950000e+01, 1.015000e+02, 1.035000e+02, 1.055000e+02, 1.075000e+02, 1.095000e+02, 1.055000e+02, 1.015000e+02, 9.750000e+01, 9.250000e+01, 8.850000e+01, 8.450000e+01, 8.050000e+01, 7.550000e+01, 7.250000e+01, 6.850000e+01, 6.550000e+01)

dr_L3C = (91, 90, 90, 89, 89, 88, 88, 87, 87, 86, 86, 86, 85, 85, 86, 87, 87, 88, 88, 88, 89, 89, 90, 90, 90, 90, 91, 91, 91, 91, 91, 92, 92, 92, 92, 92, 92, 93, 93, 93, 93, 93, 93, 92, 92, 92, 92, 92, 91, 91)
dr_L3F = (5.350000e+01, 5.150000e+01, 4.950000e+01, 4.950000e+01, 4.950000e+01, 5.150000e+01, 5.350000e+01, 5.750000e+01, 6.150000e+01, 6.650000e+01, 7.250000e+01, 7.750000e+01, 8.250000e+01, 8.750000e+01, 8.750000e+01, 8.750000e+01, 8.650000e+01, 8.650000e+01, 8.650000e+01, 8.750000e+01, 8.750000e+01, 8.750000e+01, 8.750000e+01, 8.850000e+01, 8.850000e+01, 8.950000e+01, 8.950000e+01, 9.050000e+01, 9.150000e+01, 9.250000e+01, 9.350000e+01, 9.450000e+01, 9.550000e+01, 9.650000e+01, 9.750000e+01, 9.950000e+01, 1.005000e+02, 1.015000e+02, 1.035000e+02, 9.950000e+01, 9.450000e+01, 9.050000e+01, 8.550000e+01, 8.150000e+01, 7.650000e+01, 7.250000e+01, 6.750000e+01, 6.350000e+01, 5.950000e+01, 5.650000e+01)
dr_L3T = (6.350000e+01, 5.950000e+01, 5.650000e+01, 5.350000e+01, 5.150000e+01, 5.150000e+01, 5.150000e+01, 5.250000e+01, 5.350000e+01, 5.650000e+01, 5.950000e+01, 6.250000e+01, 6.650000e+01, 7.050000e+01, 7.150000e+01, 7.250000e+01, 7.450000e+01, 7.550000e+01, 7.650000e+01, 7.850000e+01, 7.950000e+01, 8.150000e+01, 8.250000e+01, 8.450000e+01, 8.650000e+01, 8.850000e+01, 9.050000e+01, 9.250000e+01, 9.450000e+01, 9.650000e+01, 9.850000e+01, 1.005000e+02, 1.035000e+02, 1.055000e+02, 1.085000e+02, 1.115000e+02, 1.135000e+02, 1.165000e+02, 1.195000e+02, 1.155000e+02, 1.115000e+02, 1.065000e+02, 1.015000e+02, 9.650000e+01, 9.150000e+01, 8.650000e+01, 8.150000e+01, 7.650000e+01, 7.150000e+01, 6.750000e+01)

