hm_R1C = (91, 90, 89, 88, 87, 86, 85, 84, 84, 83, 83, 83, 83, 82, 83, 84, 84, 85, 85, 86, 87, 87, 88, 89, 89, 90, 91, 92, 92, 93, 94, 95, 96, 97, 98, 99, 100, 101, 102, 102, 101, 101, 100, 99, 98, 97, 96, 95, 94, 92)
hm_R1F = (1.185000e+02, 1.175000e+02, 1.155000e+02, 1.145000e+02, 1.125000e+02, 1.095000e+02, 1.075000e+02, 1.045000e+02, 1.015000e+02, 9.850000e+01, 9.550000e+01, 9.150000e+01, 8.850000e+01, 8.550000e+01, 8.650000e+01, 8.650000e+01, 8.650000e+01, 8.750000e+01, 8.750000e+01, 8.850000e+01, 8.850000e+01, 8.950000e+01, 8.950000e+01, 8.950000e+01, 8.950000e+01, 9.050000e+01, 9.050000e+01, 9.050000e+01, 9.150000e+01, 9.150000e+01, 9.150000e+01, 9.150000e+01, 9.150000e+01, 9.250000e+01, 9.250000e+01, 9.250000e+01, 9.250000e+01, 9.250000e+01, 9.250000e+01, 9.650000e+01, 9.950000e+01, 1.025000e+02, 1.065000e+02, 1.095000e+02, 1.115000e+02, 1.135000e+02, 1.155000e+02, 1.175000e+02, 1.185000e+02, 1.185000e+02)
hm_R1T = (1.125000e+02, 1.115000e+02, 1.095000e+02, 1.075000e+02, 1.045000e+02, 1.025000e+02, 9.950000e+01, 9.650000e+01, 9.350000e+01, 9.050000e+01, 8.750000e+01, 8.450000e+01, 8.150000e+01, 7.850000e+01, 7.950000e+01, 8.050000e+01, 8.150000e+01, 8.250000e+01, 8.350000e+01, 8.450000e+01, 8.550000e+01, 8.650000e+01, 8.750000e+01, 8.850000e+01, 8.950000e+01, 9.050000e+01, 9.150000e+01, 9.250000e+01, 9.250000e+01, 9.350000e+01, 9.450000e+01, 9.550000e+01, 9.550000e+01, 9.650000e+01, 9.750000e+01, 9.750000e+01, 9.850000e+01, 9.850000e+01, 9.950000e+01, 1.025000e+02, 1.045000e+02, 1.075000e+02, 1.095000e+02, 1.115000e+02, 1.125000e+02, 1.135000e+02, 1.145000e+02, 1.145000e+02, 1.145000e+02, 1.135000e+02)

hm_R2C = (90, 90, 90, 90, 90, 90, 90, 90, 90, 90, 90, 90, 90, 90, 90, 90, 90, 90, 90, 90, 90, 90, 90, 90, 90, 90, 90, 90, 90, 90, 90, 90, 90, 90, 90, 90, 90, 90, 90, 90, 90, 90, 90, 90, 90, 90, 90, 90, 90, 90)
hm_R2F = (1.185000e+02, 1.175000e+02, 1.155000e+02, 1.135000e+02, 1.115000e+02, 1.085000e+02, 1.055000e+02, 1.025000e+02, 9.950000e+01, 9.650000e+01, 9.350000e+01, 8.950000e+01, 8.650000e+01, 8.350000e+01, 8.450000e+01, 8.450000e+01, 8.550000e+01, 8.650000e+01, 8.650000e+01, 8.750000e+01, 8.750000e+01, 8.850000e+01, 8.850000e+01, 8.950000e+01, 8.950000e+01, 9.050000e+01, 9.050000e+01, 9.050000e+01, 9.150000e+01, 9.150000e+01, 9.150000e+01, 9.250000e+01, 9.250000e+01, 9.250000e+01, 9.250000e+01, 9.250000e+01, 9.250000e+01, 9.350000e+01, 9.350000e+01, 9.650000e+01, 1.005000e+02, 1.035000e+02, 1.075000e+02, 1.105000e+02, 1.125000e+02, 1.155000e+02, 1.165000e+02, 1.185000e+02, 1.185000e+02, 1.185000e+02)
hm_R2T = (1.135000e+02, 1.105000e+02, 1.085000e+02, 1.055000e+02, 1.025000e+02, 9.950000e+01, 9.650000e+01, 9.350000e+01, 8.950000e+01, 8.650000e+01, 8.350000e+01, 8.050000e+01, 7.650000e+01, 7.450000e+01, 7.550000e+01, 7.750000e+01, 7.850000e+01, 7.950000e+01, 8.150000e+01, 8.250000e+01, 8.450000e+01, 8.550000e+01, 8.650000e+01, 8.750000e+01, 8.950000e+01, 9.050000e+01, 9.150000e+01, 9.250000e+01, 9.350000e+01, 9.450000e+01, 9.550000e+01, 9.650000e+01, 9.750000e+01, 9.850000e+01, 9.950000e+01, 1.005000e+02, 1.015000e+02, 1.025000e+02, 1.035000e+02, 1.065000e+02, 1.085000e+02, 1.115000e+02, 1.135000e+02, 1.155000e+02, 1.165000e+02, 1.165000e+02, 1.175000e+02, 1.165000e+02, 1.165000e+02, 1.145000e+02)

hm_R3C = (90, 91, 92, 93, 94, 95, 96, 97, 97, 98, 98, 98, 98, 99, 98, 97, 97, 96, 96, 95, 94, 94, 93, 92, 92, 91, 90, 89, 89, 88, 87, 86, 85, 84, 83, 82, 81, 80, 79, 79, 80, 80, 81, 82, 83, 84, 85, 86, 87, 89)
hm_R3F = (1.185000e+02, 1.175000e+02, 1.155000e+02, 1.145000e+02, 1.125000e+02, 1.095000e+02, 1.075000e+02, 1.045000e+02, 1.015000e+02, 9.850000e+01, 9.550000e+01, 9.150000e+01, 8.850000e+01, 8.550000e+01, 8.650000e+01, 8.650000e+01, 8.650000e+01, 8.750000e+01, 8.750000e+01, 8.850000e+01, 8.850000e+01, 8.950000e+01, 8.950000e+01, 8.950000e+01, 8.950000e+01, 9.050000e+01, 9.050000e+01, 9.050000e+01, 9.150000e+01, 9.150000e+01, 9.150000e+01, 9.150000e+01, 9.150000e+01, 9.250000e+01, 9.250000e+01, 9.250000e+01, 9.250000e+01, 9.250000e+01, 9.250000e+01, 9.650000e+01, 9.950000e+01, 1.025000e+02, 1.065000e+02, 1.095000e+02, 1.115000e+02, 1.135000e+02, 1.155000e+02, 1.175000e+02, 1.185000e+02, 1.185000e+02)
hm_R3T = (1.125000e+02, 1.115000e+02, 1.095000e+02, 1.075000e+02, 1.045000e+02, 1.025000e+02, 9.950000e+01, 9.650000e+01, 9.350000e+01, 9.050000e+01, 8.750000e+01, 8.450000e+01, 8.150000e+01, 7.850000e+01, 7.950000e+01, 8.050000e+01, 8.150000e+01, 8.250000e+01, 8.350000e+01, 8.450000e+01, 8.550000e+01, 8.650000e+01, 8.750000e+01, 8.850000e+01, 8.950000e+01, 9.050000e+01, 9.150000e+01, 9.250000e+01, 9.250000e+01, 9.350000e+01, 9.450000e+01, 9.550000e+01, 9.550000e+01, 9.650000e+01, 9.750000e+01, 9.750000e+01, 9.850000e+01, 9.850000e+01, 9.950000e+01, 1.025000e+02, 1.045000e+02, 1.075000e+02, 1.095000e+02, 1.115000e+02, 1.125000e+02, 1.135000e+02, 1.145000e+02, 1.145000e+02, 1.145000e+02, 1.135000e+02)

hm_L1C = (91, 90, 89, 87, 86, 85, 84, 83, 82, 81, 80, 80, 79, 79, 80, 81, 82, 83, 84, 85, 86, 87, 88, 89, 89, 90, 91, 92, 92, 93, 94, 94, 95, 96, 96, 97, 97, 98, 99, 98, 98, 98, 98, 97, 97, 96, 95, 94, 93, 92)
hm_L1F = (6.250000e+01, 6.150000e+01, 6.150000e+01, 6.150000e+01, 6.250000e+01, 6.450000e+01, 6.650000e+01, 6.850000e+01, 7.050000e+01, 7.350000e+01, 7.750000e+01, 8.050000e+01, 8.350000e+01, 8.750000e+01, 8.750000e+01, 8.750000e+01, 8.750000e+01, 8.750000e+01, 8.750000e+01, 8.850000e+01, 8.850000e+01, 8.850000e+01, 8.850000e+01, 8.850000e+01, 8.950000e+01, 8.950000e+01, 8.950000e+01, 9.050000e+01, 9.050000e+01, 9.050000e+01, 9.050000e+01, 9.150000e+01, 9.150000e+01, 9.250000e+01, 9.250000e+01, 9.350000e+01, 9.350000e+01, 9.350000e+01, 9.450000e+01, 9.150000e+01, 8.850000e+01, 8.450000e+01, 8.150000e+01, 7.850000e+01, 7.550000e+01, 7.250000e+01, 7.050000e+01, 6.750000e+01, 6.550000e+01, 6.450000e+01)
hm_L1T = (6.850000e+01, 6.750000e+01, 6.650000e+01, 6.550000e+01, 6.550000e+01, 6.550000e+01, 6.650000e+01, 6.750000e+01, 6.850000e+01, 7.050000e+01, 7.250000e+01, 7.550000e+01, 7.750000e+01, 8.050000e+01, 8.150000e+01, 8.150000e+01, 8.250000e+01, 8.250000e+01, 8.350000e+01, 8.450000e+01, 8.450000e+01, 8.550000e+01, 8.650000e+01, 8.750000e+01, 8.750000e+01, 8.850000e+01, 8.950000e+01, 9.050000e+01, 9.150000e+01, 9.250000e+01, 9.350000e+01, 9.450000e+01, 9.550000e+01, 9.650000e+01, 9.750000e+01, 9.850000e+01, 9.950000e+01, 1.005000e+02, 1.015000e+02, 9.850000e+01, 9.550000e+01, 9.250000e+01, 8.950000e+01, 8.650000e+01, 8.350000e+01, 8.050000e+01, 7.750000e+01, 7.550000e+01, 7.250000e+01, 7.050000e+01)

hm_L2C = (90, 90, 90, 90, 90, 90, 90, 90, 90, 90, 90, 90, 90, 90, 90, 90, 90, 90, 90, 90, 90, 90, 90, 90, 90, 90, 90, 90, 90, 90, 90, 90, 90, 90, 90, 90, 90, 90, 90, 90, 90, 90, 90, 90, 90, 90, 90, 90, 90, 90)
hm_L2F = (6.250000e+01, 6.150000e+01, 6.150000e+01, 6.150000e+01, 6.150000e+01, 6.350000e+01, 6.450000e+01, 6.750000e+01, 6.950000e+01, 7.250000e+01, 7.650000e+01, 7.950000e+01, 8.350000e+01, 8.650000e+01, 8.650000e+01, 8.750000e+01, 8.750000e+01, 8.750000e+01, 8.750000e+01, 8.750000e+01, 8.750000e+01, 8.850000e+01, 8.850000e+01, 8.850000e+01, 8.950000e+01, 8.950000e+01, 8.950000e+01, 9.050000e+01, 9.050000e+01, 9.150000e+01, 9.150000e+01, 9.250000e+01, 9.250000e+01, 9.350000e+01, 9.350000e+01, 9.450000e+01, 9.550000e+01, 9.550000e+01, 9.650000e+01, 9.350000e+01, 9.050000e+01, 8.650000e+01, 8.350000e+01, 8.050000e+01, 7.750000e+01, 7.450000e+01, 7.150000e+01, 6.850000e+01, 6.650000e+01, 6.450000e+01)
hm_L2T = (6.950000e+01, 6.650000e+01, 6.550000e+01, 6.350000e+01, 6.350000e+01, 6.250000e+01, 6.350000e+01, 6.350000e+01, 6.450000e+01, 6.650000e+01, 6.850000e+01, 7.150000e+01, 7.350000e+01, 7.650000e+01, 7.750000e+01, 7.850000e+01, 7.950000e+01, 8.050000e+01, 8.150000e+01, 8.250000e+01, 8.350000e+01, 8.450000e+01, 8.550000e+01, 8.650000e+01, 8.750000e+01, 8.850000e+01, 8.950000e+01, 9.050000e+01, 9.250000e+01, 9.350000e+01, 9.450000e+01, 9.550000e+01, 9.750000e+01, 9.850000e+01, 1.005000e+02, 1.015000e+02, 1.025000e+02, 1.045000e+02, 1.055000e+02, 1.035000e+02, 9.950000e+01, 9.650000e+01, 9.350000e+01, 9.050000e+01, 8.650000e+01, 8.350000e+01, 8.050000e+01, 7.750000e+01, 7.450000e+01, 7.150000e+01)

hm_L3C = (90, 91, 92, 94, 95, 96, 97, 98, 99, 100, 101, 101, 102, 102, 101, 100, 99, 98, 97, 96, 95, 94, 93, 92, 92, 91, 90, 89, 89, 88, 87, 87, 86, 85, 85, 84, 84, 83, 82, 83, 83, 83, 83, 84, 84, 85, 86, 87, 88, 89)
hm_L3F = (6.250000e+01, 6.150000e+01, 6.150000e+01, 6.150000e+01, 6.250000e+01, 6.450000e+01, 6.650000e+01, 6.850000e+01, 7.050000e+01, 7.350000e+01, 7.750000e+01, 8.050000e+01, 8.350000e+01, 8.750000e+01, 8.750000e+01, 8.750000e+01, 8.750000e+01, 8.750000e+01, 8.750000e+01, 8.850000e+01, 8.850000e+01, 8.850000e+01, 8.850000e+01, 8.850000e+01, 8.950000e+01, 8.950000e+01, 8.950000e+01, 9.050000e+01, 9.050000e+01, 9.050000e+01, 9.050000e+01, 9.150000e+01, 9.150000e+01, 9.250000e+01, 9.250000e+01, 9.350000e+01, 9.350000e+01, 9.350000e+01, 9.450000e+01, 9.150000e+01, 8.850000e+01, 8.450000e+01, 8.150000e+01, 7.850000e+01, 7.550000e+01, 7.250000e+01, 7.050000e+01, 6.750000e+01, 6.550000e+01, 6.450000e+01)
hm_L3T = (6.850000e+01, 6.750000e+01, 6.650000e+01, 6.550000e+01, 6.550000e+01, 6.550000e+01, 6.650000e+01, 6.750000e+01, 6.850000e+01, 7.050000e+01, 7.250000e+01, 7.550000e+01, 7.750000e+01, 8.050000e+01, 8.150000e+01, 8.150000e+01, 8.250000e+01, 8.250000e+01, 8.350000e+01, 8.450000e+01, 8.450000e+01, 8.550000e+01, 8.650000e+01, 8.750000e+01, 8.750000e+01, 8.850000e+01, 8.950000e+01, 9.050000e+01, 9.150000e+01, 9.250000e+01, 9.350000e+01, 9.450000e+01, 9.550000e+01, 9.650000e+01, 9.750000e+01, 9.850000e+01, 9.950000e+01, 1.005000e+02, 1.015000e+02, 9.850000e+01, 9.550000e+01, 9.250000e+01, 8.950000e+01, 8.650000e+01, 8.350000e+01, 8.050000e+01, 7.750000e+01, 7.550000e+01, 7.250000e+01, 7.050000e+01)

