vm_R1C = (71, 73, 76, 79, 81, 84, 87, 90, 93, 96, 99, 102, 105, 107, 107, 106, 105, 103, 102, 101, 100, 98, 97, 95, 93, 91, 89, 87, 85, 83, 80, 77, 74, 71, 67, 64, 60, 56, 52, 52, 52, 53, 54, 56, 58, 60, 62, 64, 66, 68)
vm_R1F = (1.275000e+02, 1.245000e+02, 1.215000e+02, 1.175000e+02, 1.145000e+02, 1.105000e+02, 1.065000e+02, 1.025000e+02, 9.750000e+01, 9.250000e+01, 8.750000e+01, 8.150000e+01, 7.550000e+01, 6.850000e+01, 7.150000e+01, 7.450000e+01, 7.650000e+01, 7.950000e+01, 8.150000e+01, 8.250000e+01, 8.450000e+01, 8.550000e+01, 8.750000e+01, 8.850000e+01, 8.950000e+01, 9.050000e+01, 9.050000e+01, 9.150000e+01, 9.150000e+01, 9.250000e+01, 9.250000e+01, 9.250000e+01, 9.250000e+01, 9.350000e+01, 9.350000e+01, 9.350000e+01, 9.350000e+01, 9.350000e+01, 9.350000e+01, 1.035000e+02, 1.135000e+02, 1.215000e+02, 1.285000e+02, 1.325000e+02, 1.355000e+02, 1.365000e+02, 1.355000e+02, 1.345000e+02, 1.325000e+02, 1.305000e+02)
vm_R1T = (8.850000e+01, 8.450000e+01, 8.050000e+01, 7.750000e+01, 7.450000e+01, 7.150000e+01, 6.950000e+01, 6.650000e+01, 6.450000e+01, 6.150000e+01, 5.850000e+01, 5.550000e+01, 5.150000e+01, 4.650000e+01, 5.250000e+01, 5.650000e+01, 6.150000e+01, 6.550000e+01, 6.950000e+01, 7.250000e+01, 7.650000e+01, 7.950000e+01, 8.250000e+01, 8.450000e+01, 8.750000e+01, 8.950000e+01, 9.150000e+01, 9.350000e+01, 9.550000e+01, 9.750000e+01, 9.950000e+01, 1.005000e+02, 1.015000e+02, 1.025000e+02, 1.035000e+02, 1.045000e+02, 1.045000e+02, 1.055000e+02, 1.055000e+02, 1.105000e+02, 1.145000e+02, 1.165000e+02, 1.165000e+02, 1.155000e+02, 1.125000e+02, 1.095000e+02, 1.055000e+02, 1.015000e+02, 9.650000e+01, 9.250000e+01)

vm_R2C = (89, 92, 94, 97, 100, 102, 105, 108, 110, 113, 115, 118, 120, 122, 120, 118, 116, 113, 111, 108, 106, 103, 100, 98, 95, 92, 89, 86, 83, 81, 78, 75, 73, 70, 68, 65, 63, 61, 59, 61, 63, 66, 68, 71, 73, 76, 79, 81, 84, 87)
vm_R2F = (1.145000e+02, 1.145000e+02, 1.145000e+02, 1.145000e+02, 1.145000e+02, 1.135000e+02, 1.125000e+02, 1.115000e+02, 1.095000e+02, 1.065000e+02, 1.025000e+02, 9.750000e+01, 9.150000e+01, 8.550000e+01, 8.650000e+01, 8.750000e+01, 8.750000e+01, 8.850000e+01, 8.850000e+01, 8.950000e+01, 8.950000e+01, 8.950000e+01, 9.050000e+01, 9.050000e+01, 9.050000e+01, 9.050000e+01, 9.050000e+01, 9.050000e+01, 9.050000e+01, 9.050000e+01, 8.950000e+01, 8.950000e+01, 8.950000e+01, 8.850000e+01, 8.850000e+01, 8.750000e+01, 8.750000e+01, 8.650000e+01, 8.550000e+01, 9.150000e+01, 9.750000e+01, 1.025000e+02, 1.065000e+02, 1.095000e+02, 1.115000e+02, 1.125000e+02, 1.135000e+02, 1.145000e+02, 1.145000e+02, 1.145000e+02)
vm_R2T = (7.150000e+01, 7.150000e+01, 7.250000e+01, 7.350000e+01, 7.450000e+01, 7.650000e+01, 7.850000e+01, 7.950000e+01, 8.150000e+01, 8.250000e+01, 8.250000e+01, 8.150000e+01, 8.050000e+01, 7.850000e+01, 8.050000e+01, 8.250000e+01, 8.350000e+01, 8.550000e+01, 8.650000e+01, 8.750000e+01, 8.850000e+01, 8.950000e+01, 8.950000e+01, 9.050000e+01, 9.050000e+01, 9.050000e+01, 9.050000e+01, 9.050000e+01, 9.050000e+01, 8.950000e+01, 8.950000e+01, 8.850000e+01, 8.750000e+01, 8.650000e+01, 8.550000e+01, 8.350000e+01, 8.250000e+01, 8.050000e+01, 7.850000e+01, 8.050000e+01, 8.150000e+01, 8.250000e+01, 8.250000e+01, 8.150000e+01, 7.950000e+01, 7.850000e+01, 7.650000e+01, 7.450000e+01, 7.350000e+01, 7.250000e+01)

vm_R3C = (108, 110, 113, 115, 117, 119, 121, 123, 125, 127, 128, 129, 129, 129, 125, 121, 117, 114, 110, 107, 104, 101, 98, 96, 94, 92, 90, 88, 86, 84, 83, 81, 80, 79, 78, 76, 75, 74, 74, 76, 79, 82, 85, 88, 91, 94, 97, 100, 102, 105)
vm_R3F = (1.245000e+02, 1.275000e+02, 1.305000e+02, 1.325000e+02, 1.345000e+02, 1.355000e+02, 1.365000e+02, 1.355000e+02, 1.325000e+02, 1.285000e+02, 1.215000e+02, 1.135000e+02, 1.035000e+02, 9.350000e+01, 9.350000e+01, 9.350000e+01, 9.350000e+01, 9.350000e+01, 9.350000e+01, 9.250000e+01, 9.250000e+01, 9.250000e+01, 9.250000e+01, 9.150000e+01, 9.150000e+01, 9.050000e+01, 9.050000e+01, 8.950000e+01, 8.850000e+01, 8.750000e+01, 8.550000e+01, 8.450000e+01, 8.250000e+01, 8.150000e+01, 7.950000e+01, 7.650000e+01, 7.450000e+01, 7.150000e+01, 6.850000e+01, 7.550000e+01, 8.150000e+01, 8.750000e+01, 9.250000e+01, 9.750000e+01, 1.025000e+02, 1.065000e+02, 1.105000e+02, 1.145000e+02, 1.175000e+02, 1.215000e+02)
vm_R3T = (8.450000e+01, 8.850000e+01, 9.250000e+01, 9.650000e+01, 1.015000e+02, 1.055000e+02, 1.095000e+02, 1.125000e+02, 1.155000e+02, 1.165000e+02, 1.165000e+02, 1.145000e+02, 1.105000e+02, 1.055000e+02, 1.055000e+02, 1.045000e+02, 1.045000e+02, 1.035000e+02, 1.025000e+02, 1.015000e+02, 1.005000e+02, 9.950000e+01, 9.750000e+01, 9.550000e+01, 9.350000e+01, 9.150000e+01, 8.950000e+01, 8.750000e+01, 8.450000e+01, 8.250000e+01, 7.950000e+01, 7.650000e+01, 7.250000e+01, 6.950000e+01, 6.550000e+01, 6.150000e+01, 5.650000e+01, 5.250000e+01, 4.650000e+01, 5.150000e+01, 5.550000e+01, 5.850000e+01, 6.150000e+01, 6.450000e+01, 6.650000e+01, 6.950000e+01, 7.150000e+01, 7.450000e+01, 7.750000e+01, 8.050000e+01)

vm_L1C = (110, 108, 105, 102, 100, 97, 94, 91, 88, 85, 82, 79, 76, 74, 74, 75, 76, 78, 79, 80, 81, 83, 84, 86, 88, 90, 92, 94, 96, 98, 101, 104, 107, 110, 114, 117, 121, 125, 129, 129, 129, 128, 127, 125, 123, 121, 119, 117, 115, 113)
vm_L1F = (5.250000e+01, 5.550000e+01, 5.850000e+01, 6.250000e+01, 6.550000e+01, 6.950000e+01, 7.350000e+01, 7.750000e+01, 8.250000e+01, 8.750000e+01, 9.250000e+01, 9.850000e+01, 1.045000e+02, 1.115000e+02, 1.085000e+02, 1.055000e+02, 1.035000e+02, 1.005000e+02, 9.850000e+01, 9.750000e+01, 9.550000e+01, 9.450000e+01, 9.250000e+01, 9.150000e+01, 9.050000e+01, 8.950000e+01, 8.950000e+01, 8.850000e+01, 8.850000e+01, 8.750000e+01, 8.750000e+01, 8.750000e+01, 8.750000e+01, 8.650000e+01, 8.650000e+01, 8.650000e+01, 8.650000e+01, 8.650000e+01, 8.650000e+01, 7.650000e+01, 6.650000e+01, 5.850000e+01, 5.150000e+01, 4.750000e+01, 4.450000e+01, 4.350000e+01, 4.450000e+01, 4.550000e+01, 4.750000e+01, 4.950000e+01)
vm_L1T = (9.150000e+01, 9.550000e+01, 9.950000e+01, 1.025000e+02, 1.055000e+02, 1.085000e+02, 1.105000e+02, 1.135000e+02, 1.155000e+02, 1.185000e+02, 1.215000e+02, 1.245000e+02, 1.285000e+02, 1.335000e+02, 1.275000e+02, 1.235000e+02, 1.185000e+02, 1.145000e+02, 1.105000e+02, 1.075000e+02, 1.035000e+02, 1.005000e+02, 9.750000e+01, 9.550000e+01, 9.250000e+01, 9.050000e+01, 8.850000e+01, 8.650000e+01, 8.450000e+01, 8.250000e+01, 8.050000e+01, 7.950000e+01, 7.850000e+01, 7.750000e+01, 7.650000e+01, 7.550000e+01, 7.550000e+01, 7.450000e+01, 7.450000e+01, 6.950000e+01, 6.550000e+01, 6.350000e+01, 6.350000e+01, 6.450000e+01, 6.750000e+01, 7.050000e+01, 7.450000e+01, 7.850000e+01, 8.350000e+01, 8.750000e+01)

vm_L2C = (92, 89, 87, 84, 81, 79, 76, 73, 71, 68, 66, 63, 61, 59, 61, 63, 65, 68, 70, 73, 75, 78, 81, 83, 86, 89, 92, 95, 98, 100, 103, 106, 108, 111, 113, 116, 118, 120, 122, 120, 118, 115, 113, 110, 108, 105, 102, 100, 97, 94)
vm_L2F = (6.550000e+01, 6.550000e+01, 6.550000e+01, 6.550000e+01, 6.550000e+01, 6.650000e+01, 6.750000e+01, 6.850000e+01, 7.050000e+01, 7.350000e+01, 7.750000e+01, 8.250000e+01, 8.850000e+01, 9.450000e+01, 9.350000e+01, 9.250000e+01, 9.250000e+01, 9.150000e+01, 9.150000e+01, 9.050000e+01, 9.050000e+01, 9.050000e+01, 8.950000e+01, 8.950000e+01, 8.950000e+01, 8.950000e+01, 8.950000e+01, 8.950000e+01, 8.950000e+01, 8.950000e+01, 9.050000e+01, 9.050000e+01, 9.050000e+01, 9.150000e+01, 9.150000e+01, 9.250000e+01, 9.250000e+01, 9.350000e+01, 9.450000e+01, 8.850000e+01, 8.250000e+01, 7.750000e+01, 7.350000e+01, 7.050000e+01, 6.850000e+01, 6.750000e+01, 6.650000e+01, 6.550000e+01, 6.550000e+01, 6.550000e+01)
vm_L2T = (1.085000e+02, 1.085000e+02, 1.075000e+02, 1.065000e+02, 1.055000e+02, 1.035000e+02, 1.015000e+02, 1.005000e+02, 9.850000e+01, 9.750000e+01, 9.750000e+01, 9.850000e+01, 9.950000e+01, 1.015000e+02, 9.950000e+01, 9.750000e+01, 9.650000e+01, 9.450000e+01, 9.350000e+01, 9.250000e+01, 9.150000e+01, 9.050000e+01, 9.050000e+01, 8.950000e+01, 8.950000e+01, 8.950000e+01, 8.950000e+01, 8.950000e+01, 8.950000e+01, 9.050000e+01, 9.050000e+01, 9.150000e+01, 9.250000e+01, 9.350000e+01, 9.450000e+01, 9.650000e+01, 9.750000e+01, 9.950000e+01, 1.015000e+02, 9.950000e+01, 9.850000e+01, 9.750000e+01, 9.750000e+01, 9.850000e+01, 1.005000e+02, 1.015000e+02, 1.035000e+02, 1.055000e+02, 1.065000e+02, 1.075000e+02)

vm_L3C = (73, 71, 68, 66, 64, 62, 60, 58, 56, 54, 53, 52, 52, 52, 56, 60, 64, 67, 71, 74, 77, 80, 83, 85, 87, 89, 91, 93, 95, 97, 98, 100, 101, 102, 103, 105, 106, 107, 107, 105, 102, 99, 96, 93, 90, 87, 84, 81, 79, 76)
vm_L3F = (5.550000e+01, 5.250000e+01, 4.950000e+01, 4.750000e+01, 4.550000e+01, 4.450000e+01, 4.350000e+01, 4.450000e+01, 4.750000e+01, 5.150000e+01, 5.850000e+01, 6.650000e+01, 7.650000e+01, 8.650000e+01, 8.650000e+01, 8.650000e+01, 8.650000e+01, 8.650000e+01, 8.650000e+01, 8.750000e+01, 8.750000e+01, 8.750000e+01, 8.750000e+01, 8.850000e+01, 8.850000e+01, 8.950000e+01, 8.950000e+01, 9.050000e+01, 9.150000e+01, 9.250000e+01, 9.450000e+01, 9.550000e+01, 9.750000e+01, 9.850000e+01, 1.005000e+02, 1.035000e+02, 1.055000e+02, 1.085000e+02, 1.115000e+02, 1.045000e+02, 9.850000e+01, 9.250000e+01, 8.750000e+01, 8.250000e+01, 7.750000e+01, 7.350000e+01, 6.950000e+01, 6.550000e+01, 6.250000e+01, 5.850000e+01)
vm_L3T = (9.550000e+01, 9.150000e+01, 8.750000e+01, 8.350000e+01, 7.850000e+01, 7.450000e+01, 7.050000e+01, 6.750000e+01, 6.450000e+01, 6.350000e+01, 6.350000e+01, 6.550000e+01, 6.950000e+01, 7.450000e+01, 7.450000e+01, 7.550000e+01, 7.550000e+01, 7.650000e+01, 7.750000e+01, 7.850000e+01, 7.950000e+01, 8.050000e+01, 8.250000e+01, 8.450000e+01, 8.650000e+01, 8.850000e+01, 9.050000e+01, 9.250000e+01, 9.550000e+01, 9.750000e+01, 1.005000e+02, 1.035000e+02, 1.075000e+02, 1.105000e+02, 1.145000e+02, 1.185000e+02, 1.235000e+02, 1.275000e+02, 1.335000e+02, 1.285000e+02, 1.245000e+02, 1.215000e+02, 1.185000e+02, 1.155000e+02, 1.135000e+02, 1.105000e+02, 1.085000e+02, 1.055000e+02, 1.025000e+02, 9.950000e+01)

